70 150
0 8
0 48
0 24
0 39
1 34
2 19
3 65
3 42
3 11
4 61
4 32
5 59
5 54
6 9
6 30
7 25
7 30
7 43
8 58
8 59
8 61
9 15
10 24
11 49
11 15
11 18
11 2
11 5
12 7
12 32
12 48
13 14
14 2
15 47
15 17
16 54
16 21
17 5
17 64
17 26
18 7
19 10
19 25
20 66
20 55
21 22
22 45
22 5
22 53
23 67
23 40
24 32
24 37
25 16
25 8
26 2
26 65
27 56
28 39
28 35
29 16
29 22
29 68
30 25
30 11
30 29
31 29
31 4
31 56
31 38
31 45
32 49
32 28
33 18
34 31
35 38
35 42
36 1
36 22
36 16
37 48
37 8
37 50
38 62
39 59
40 26
40 27
40 52
41 16
41 62
41 33
42 37
42 3
43 49
44 53
44 51
45 9
46 64
47 38
48 49
48 1
49 58
50 53
50 69
50 67
51 15
51 69
52 12
52 33
52 63
53 17
53 41
54 31
54 27
55 36
55 45
55 11
55 13
56 4
56 60
57 1
57 54
57 4
58 26
58 47
59 12
60 36
60 12
60 6
61 57
62 51
62 0
63 51
63 17
63 66
64 14
64 20
65 23
65 46
66 31
66 10
67 41
67 19
67 44
68 36
68 34
68 19
68 23
69 60
69 36
