70 150
10 24
41 33
65 23
63 66
23 67
44 51
64 20
67 41
26 65
13 14
37 50
28 39
52 33
25 8
6 9
11 49
53 41
32 28
55 36
18 7
41 16
66 10
28 35
22 53
64 14
24 37
60 36
26 2
0 48
68 23
0 8
42 37
16 54
36 16
50 69
33 18
66 31
39 59
68 34
49 58
30 29
53 17
5 54
31 29
55 45
63 17
8 58
56 4
2 19
20 66
11 15
37 48
8 61
15 17
8 59
57 54
55 11
34 31
16 21
62 0
48 1
47 38
11 2
62 51
3 65
58 47
57 4
41 62
51 69
38 62
35 38
60 12
4 32
65 46
55 13
3 42
54 31
0 24
3 11
0 39
54 27
40 52
45 9
68 19
44 53
58 26
31 38
15 47
48 49
61 57
4 61
17 26
31 45
29 16
14 2
19 25
43 49
9 15
6 30
69 36
69 60
29 68
20 55
35 42
30 25
36 1
46 64
25 16
1 34
60 6
27 56
19 10
7 25
12 32
68 36
7 43
67 44
31 56
32 49
21 22
22 5
22 45
42 3
12 48
67 19
12 7
37 8
50 53
36 22
11 18
17 64
51 15
52 12
11 5
30 11
40 27
31 4
7 30
57 1
52 63
59 12
50 67
17 5
63 51
24 32
40 26
56 60
5 59
29 22
23 40
